663388663488708627
663388693381251082
663388805692129280
663389292281856015
663389327803416586
663503658268360714
663503891815596032
663503916557795378
663503939760816150
663503987378618368
663504027518238742
663504045247430687
663534679172841475
663534731555635227
663535146762240000
663535406519681082
663535493878906920
663535609792692235
663535771784839168
663536126845517854
663536363517509652
663536371264389151
663536587623104523
663539571744571402
663539661599277066
663540171177852953
663540258176237578
663540337377148941
663540541539090463
663540657511465021
663540755851116570
663541462901719070
663817014514810880
664812552878030878
665599750677987338
665620585799483402
666050289895342080
681269653758279685
689492220117647381
689829083583873106
692005642906501180
697214996727201873
698233618971099226
700134850677571684
714184083168690277
722968137687105596
726256745839853638
727323240481030145
733479809639776407
735311537337532436
747566779512913940
747566986761994261
747567116235833485
747567997266296984
752204017056219217
758875279132459048
758875896266096700
761398323198033920
769013648546463764
769262049019953162
771803298801516605
771852090070138942
775761476882661377
778619043657547806
779733179341864970
790396929431437342
790397378410577920
794010754935160832
796203367030063184
797908887785046056
798668492621873162
798669984963887124
802566820195991593
802567451338211358
804465204297334825
809265245813604372
812327338304864266
826181730271494174
827205462726410251
830202538870571008
835160124493922314
835201833785884692
835573353012133908
835574003766394900
839253911458021386
841689060905058345
849637608296677386
859948722355306506
862087168884998156
862416675873751050
862421650485805056
862439153315348540
863034938101727242
865234931857096724
867078869587984384
870322957547876412
874771719011852378
877924126344507452
878693061939576852
882654829300822016
893284492964421672
901144714684813362
902549472452689980
902550090777002034
915570776135073792
916354064441282570
916385010137858069
916386047569592370
917833077911339058
920123566622654494
920123687389241344
921569901150371880
926981303629406269
928759935901265940
932743316821397574
936248986820542515
948035745120133210
958460290100518962
966310028350996500
968505412246704148
976957109990223922
977677650397122590
985653391529218079
986431207355068496
986431444522008637
986441367096025158
986648264654868591
986792820486574130
987208831840976986
987210462582177802
992454118817935420
1009423913505275954
1009424166849622117
1014529063672631326
1017394183079739392
1018893529063374858
1020290994597548063
1032441874323087410
1033736442972753920
1034212598821957642
1037027961901158481
1037394320556294274
1039227527161462877
1039307749164597318
1042847342782591047
1043597677188882572
1044013904315035719
1044065107648462918
1046776972505784410
1047253600440692806
1049326947148255302
1050140115374194850
1050812302670168105
1058176793296781373
1059987387360489622
1059999388891631776
1060069259448963142
1060601241652174900
1062394241776615495
1067840251680276692
1068337557848473600
1071070037655433348
1072193659673526282
1072911221298303136
1072912227750908035
1076165295284174910
1081231198094905425
1082665379001815110
1084143359028891729
1085209482734350397
1086048587709939822
1086397161836642320
1103312770188976148
1108462886151536761
1113113645870743572
1113636265565364224
1118570924346720337
1128149465828687943
1128407275317506048
1130638277813215263
1131396774309941371
1131396833382502400
1131396921085407364
1136034502741860372
1137012269369266196
1141353662548021318
1143727392905498707
1144293350627885216
1146885896944230450
1147164069430837330
1148656406472446094
1154060369799692318
1158463627527995542
1158463643499896872
1158463656623886416
1158463669726887967
1158463682712449154
1158463697166016582
1158463711284056185
1158807575035379823
1164944187205095475
1167497005023641650
1174732587516837898
1177044539115045005
1179216369863110706
1193961930403086458
1197272871408500806
1200894353229500546
1206648707118800988
1209561639574052914
1210625716589166602
1216748914456133704
1218551611409043477
1220376376411029605
1222622741119897630
1222625375645863967
1225512875142156459
1225826255451062282
1230544998936875059
1234983889412427837
1240823708004651018
1242515622408093778
1243183305134702625
1252966406161694720
1255656641211142204
1255904518114115604
1255910105820434452
1255910240352993431
1255916020208500818
1255916060356509726
1257682542304297012
1259529344427233311
1262769900863357060
1270398587003732082
1270742327706779739
1278884895975932038
1281641269533081600
1292846348915441664
1308145783945822313
1324030811380518992
1326725723594952806
1329461903600128141
1332036652025249833
1333094001011855443
1333527661347344405
1334529971317899367
1344399755270426776
1345114873205358632
1352330365812871198
1356321962867036252
1362774597166174429
1362774731685761337
1364598661455151105
1365442200783028254
1365442287173107786
1365442909029011588
1366586919311507486
1367515232875974776
1369671813722013788
1373763478128693440
1380549930430500874
1382384327236784128
1392689129875046410
1393242998770499767
1394783018094297359
1407818176053641336
1412093707640897586
1412633832577957978
1421232079362068662
1429869338604732617
1430189741634097334
1437266273657425970
1437573839575060611
1440841931973329039
1441567665305944104
1442932318472769618
1447674050406256660
1450196837238702193
1450626876690403358
1450627538111172750
1453212851102679051
1454911081137967277
1454911444595245260
1458536149604892784
1458541393856172123
1458544702939725865
1458841115854766140
1459582869675577425
1459583685547266091
1466468447272829043
1466468764852813875
1466475631310143669
1475607068256764065
1475933340610859091
1481656900063068190
1485676009486418083
1485774094317256796
1485774212235788520
1487568182007828512
1488575503425339582
1488576818138189954
1490733426007998505
1491859129629937865
1493935905956958278
1494700180866334841
1497093561244586126
1499414869458423808
1500537735696613377
1500971862128328733
1503445588333564086
1505931690638446733
1506328108834361514
1513939339862737048
1514012714102689792
1514097104048361583
1515153321260744886
1516486965568995439
1516808123896041492
1517221370617008158
1517498363107606641
1517513801690251405
1517517284091101184
1517557163843780680
1517601668584444144
1517603944665448510
1518352966871027885
1518398879182360656
1518419355954581524
1518426822298173451
1518426891957043220
1518426936324522126
1518426985276248246
1518427121310109746
1518470947634679838
1518493916867989614
1518498352893792286
1518499084833525760
1518547477131694090
1518622616850661598
1518623623944994876
1518624080364961853
1518624425887666256
1518626170348769390
1518636802179596348
